Let's start the game!

 1, 2, 5, 8, 12, 8, 5, 9, 6, 9, 13, 8, 4, 2, 4, 7, 4, 8, 12, 17, 12, 18, 13, 9, 6, 9, 6, 10, 6, 9, 13, 8, 12, 17, 12, 17, 12, 8, 13, 19, 13, 8, 4, 2, 4, 8, 12, 18, 12, 17, 12, 17, 11, 7, 4, 7, 4, 7, 12, 7, 4, 2, 1, 2, 5, 3, 5, 8, 13, 18, 13, 18, 12, 17, 11, 17, 11, 17, 12, 8, 4, 2, 1, 2, 5, 9, 6, 10, 14, 19, 14, 10, 6, 10, 15, 20, 14, 20, 15, 21, 15, 10, 14, 20, 14, 9, 14, 19, 14, 20, 14, 19, 13, 18, 13, 18, 12, 18, 12, 8, 12, 7, 12, 18, 13, 18, 13, 19, 14, 20, 14, 20, 15, 20, 15, 21, 15, 10, 14, 9, 6, 10, 15, 10, 14, 19, 14, 9, 6, 3, 6, 9, 6, 10, 15, 21, 15, 10, 6, 10, 6, 3, 5, 8, 13, 18, 13, 9, 5, 8, 5, 8, 12, 8, 13, 8, 12, 7, 11, 16, 

Game 1 over!!!

1, 11, 16, 11, 17, 12, 7, 12, 18, 12, 8, 13, 18, 13, 18, 12, 18, 12, 7, 12, 8, 5, 2, 5, 9, 13, 18, 12, 17, 11, 17, 11, 16, 11, 7, 12, 8, 12, 8, 4, 8, 5, 2, 1, 3, 6, 3, 6, 9, 5, 8, 5, 2, 5, 8, 12, 7, 11, 16, 11, 7, 4, 2, 4, 8, 5, 3, 1, 2, 1, 2, 4, 7, 4, 2, 1, 2, 1, 3, 1, 3, 5, 9, 5, 2, 4, 7, 12, 8, 13, 8, 4, 8, 4, 2, 1, 2, 5, 3, 5, 3, 6, 10, 14, 9, 5, 9, 6, 9, 13, 8, 5, 8, 13, 18, 12, 17, 11, 16, 11, 16, 11, 16, 11, 16, 11, 17, 11, 16, 11, 7, 4, 7, 4, 7, 11, 16, 11, 16, 11, 7, 4, 7, 11, 17, 11, 7, 4, 8, 13, 8, 4, 7, 11, 7, 4, 8, 4, 7, 4, 2, 1, 3, 5, 9, 6, 3, 1, 2, 4, 7, 11, 16, 11, 16, 11, 16, 11, 7, 11, 16, 11, 16, 11, 17, 12, 18, 12, 7, 12, 7, 11, 7, 4, 8, 12, 18, 12, 8, 13, 9, 5, 9, 14, 10, 6, 10, 6, 3, 1, 2, 1, 3, 1, 2, 5, 3, 5, 2, 1, 2, 1, 2, 5, 3, 5, 8, 4, 8, 4, 2, 4, 2, 4, 7, 12, 18, 13, 9, 13, 19, 14, 20, 14, 20, 14, 10, 6, 10, 6, 9, 14, 20, 14, 9, 14, 9, 6, 3, 5, 3, 6, 9, 6, 3, 1, 2, 1, 3, 6, 9, 5, 8, 5, 9, 13, 8, 12, 8, 5, 9, 5, 8, 4, 2, 1, 2, 5, 9, 5, 9, 6, 10, 6, 9, 14, 19, 13, 18, 13, 8, 5, 2, 1, 3, 5, 2, 4, 7, 11, 16, 11, 17, 12, 7, 12, 17, 12, 8, 12, 8, 4, 7, 4, 2, 4, 8, 13, 18, 12, 18, 13, 9, 6, 10, 6, 9, 5, 2, 1, 2, 5, 3, 5, 2, 1, 2, 1, 2, 4, 8, 5, 9, 13, 8, 12, 18, 13, 19, 13, 19, 13, 8, 5, 9, 5, 8, 4, 2, 4, 7, 12, 18, 12, 8, 13, 8, 4, 2, 4, 2, 5, 9, 14, 19, 13, 8, 5, 2, 5, 3, 6, 10, 14, 19, 13, 19, 14, 20, 14, 10, 6, 10, 6, 10, 15, 

Game 2 over!!!

1, 21, 15, 10, 6, 9, 13, 19, 13, 8, 4, 8, 13, 8, 5, 2, 4, 8, 4, 7, 4, 2, 5, 2, 5, 2, 1, 2, 5, 9, 13, 18, 12, 7, 4, 8, 5, 9, 6, 10, 15, 21, 15, 10, 15, 20, 14, 9, 6, 3, 1, 2, 5, 2, 5, 8, 4, 2, 1, 2, 4, 8, 4, 7, 11, 17, 12, 17, 11, 17, 11, 17, 11, 17, 12, 8, 5, 9, 5, 9, 6, 3, 6, 9, 14, 19, 14, 9, 13, 19, 13, 9, 14, 10, 14, 10, 14, 9, 5, 8, 12, 8, 4, 8, 13, 19, 14, 10, 6, 9, 13, 18, 12, 8, 12, 17, 11, 16, 

Game 3 over!!!

1, 11, 17, 12, 8, 13, 9, 5, 8, 12, 18, 13, 8, 4, 7, 12, 8, 12, 17, 11, 17, 11, 16, 11, 16, 11, 7, 11, 7, 11, 17, 12, 7, 11, 7, 11, 7, 4, 7, 12, 18, 13, 9, 6, 3, 1, 2, 1, 2, 5, 9, 13, 8, 4, 7, 11, 17, 11, 16, 11, 7, 4, 7, 11, 7, 4, 7, 11, 7, 12, 18, 12, 18, 12, 7, 4, 8, 12, 7, 4, 7, 11, 7, 11, 17, 12, 18, 12, 7, 11, 7, 11, 17, 11, 17, 11, 16, 11, 17, 12, 8, 5, 8, 4, 2, 4, 8, 4, 8, 12, 7, 11, 16, 11, 16, 11, 16, 11, 7, 12, 18, 13, 18, 13, 8, 12, 17, 11, 7, 4, 7, 4, 2, 1, 3, 5, 2, 5, 8, 12, 18, 13, 19, 14, 20, 14, 20, 14, 19, 13, 19, 14, 9, 13, 19, 14, 20, 15, 20, 15, 21, 15, 20, 14, 9, 14, 19, 14, 10, 

Game 4 over!!!

1, 15, 20, 15, 20, 14, 19, 14, 20, 15, 21, 15, 21, 15, 21, 15, 21, 15, 10, 15, 20, 15, 21, 15, 10, 15, 20, 15, 21, 15, 20, 14, 20, 15, 10, 15, 21, 15, 20, 14, 20, 15, 10, 6, 9, 6, 9, 13, 18, 13, 18, 13, 9, 6, 9, 5, 8, 4, 2, 1, 2, 1, 3, 6, 9, 5, 8, 13, 8, 5, 9, 5, 8, 12, 8, 4, 7, 4, 2, 5, 8, 4, 2, 5, 3, 5, 8, 4, 7, 4, 8, 13, 8, 5, 8, 4, 8, 5, 2, 5, 9, 6, 10, 15, 10, 14, 9, 13, 8, 4, 8, 13, 19, 14, 9, 13, 8, 4, 2, 1, 3, 6, 10, 15, 21, 15, 10, 6, 10, 14, 20, 14, 20, 15, 21, 15, 10, 15, 20, 15, 10, 14, 20, 15, 10, 15, 10, 14, 9, 5, 3, 1, 3, 1, 3, 1, 3, 5, 8, 4, 7, 12, 17, 12, 7, 4, 8, 12, 18, 13, 18, 13, 8, 4, 7, 4, 2, 1, 3, 5, 9, 6, 10, 15, 21, 15, 10, 14, 9, 6, 3, 5, 8, 12, 17, 11, 16, 

Game 5 over!!!

1, 11, 17, 12, 7, 4, 8, 4, 7, 11, 7, 4, 8, 13, 19, 14, 9, 14, 19, 14, 20, 15, 10, 14, 20, 14, 20, 15, 10, 14, 20, 15, 10, 15, 21, 15, 20, 14, 19, 14, 10, 6, 3, 5, 3, 5, 9, 5, 9, 13, 18, 12, 18, 12, 8, 12, 8, 4, 8, 13, 9, 14, 19, 14, 9, 6, 3, 5, 8, 4, 7, 4, 7, 4, 2, 4, 8, 4, 2, 1, 

Game 6 over!!!

1, 2, 1, 2, 5, 8, 4, 8, 13, 8, 5, 8, 12, 8, 4, 2, 4, 2, 4, 7, 4, 2, 4, 8, 4, 7, 4, 7, 11, 7, 4, 8, 12, 7, 11, 16, 11, 7, 11, 7, 12, 8, 13, 19, 13, 8, 4, 8, 12, 18, 13, 8, 5, 9, 14, 9, 13, 9, 5, 3, 1, 3, 1, 3, 5, 9, 14, 10, 15, 20, 15, 21, 15, 21, 15, 20, 14, 10, 6, 10, 15, 10, 14, 19, 14, 20, 15, 10, 6, 10, 15, 10, 6, 10, 14, 9, 6, 10, 15, 20, 15, 21, 15, 10, 6, 10, 6, 10, 14, 20, 14, 19, 13, 9, 5, 9, 14, 20, 14, 9, 13, 8, 13, 9, 13, 19, 14, 10, 15, 21, 15, 10, 14, 10, 14, 19, 14, 19, 13, 19, 14, 19, 13, 18, 12, 8, 13, 9, 6, 9, 5, 2, 1, 3, 5, 9, 6, 3, 1, 3, 5, 9, 6, 9, 13, 19, 14, 9, 6, 9, 14, 20, 15, 10, 15, 21, 15, 20, 15, 21, 15, 21, 15, 10, 14, 19, 13, 19, 13, 18, 13, 19, 14, 10, 15, 20, 14, 19, 14, 10, 6, 9, 5, 2, 1, 3, 5, 9, 13, 9, 5, 3, 6, 3, 1, 3, 5, 3, 1, 3, 6, 10, 14, 10, 6, 10, 14, 20, 14, 19, 13, 19, 14, 20, 14, 9, 13, 8, 12, 17, 

Game 7 over!!!

1, 12, 7, 4, 7, 11, 17, 11, 17, 12, 8, 12, 18, 12, 7, 11, 16, 11, 17, 12, 18, 12, 8, 5, 3, 6, 10, 6, 3, 1, 2, 5, 9, 14, 20, 14, 20, 15, 20, 15, 10, 15, 20, 15, 10, 6, 10, 14, 19, 14, 9, 13, 

Game 8 over!!!

1, 9, 6, 9, 5, 2, 5, 2, 4, 2, 4, 7, 12, 18, 12, 17, 11, 17, 12, 7, 12, 7, 4, 2, 1, 3, 5, 8, 13, 9, 5, 2, 1, 2, 1, 2, 1, 2, 1, 2, 4, 2, 1, 2, 1, 2, 5, 3, 5, 2, 5, 9, 6, 9, 5, 3, 1, 3, 1, 3, 6, 3, 5, 2, 4, 7, 11, 17, 11, 16, 11, 17, 11, 7, 4, 7, 12, 18, 12, 7, 11, 16, 11, 17, 11, 16, 11, 17, 12, 8, 12, 17, 11, 16, 11, 16, 11, 17, 12, 7, 11, 16, 11, 7, 4, 2, 1, 2, 5, 3, 5, 3, 5, 9, 14, 10, 6, 10, 14, 19, 14, 9, 6, 9, 14, 9, 6, 10, 14, 19, 14, 10, 14, 9, 13, 19, 14, 9, 6, 10, 6, 3, 5, 2, 1, 3, 6, 3, 6, 10, 15, 20, 

Game 9 over!!!

1, 15, 10, 14, 10, 6, 9, 6, 9, 13, 9, 13, 8, 13, 18, 13, 8, 12, 8, 5, 2, 1, 3, 6, 3, 5, 9, 6, 3, 5, 8, 5, 3, 5, 9, 13, 8, 12, 17, 12, 8, 5, 2, 4, 8, 12, 17, 12, 18, 12, 7, 4, 2, 1, 3, 5, 2, 1, 3, 5, 8, 5, 2, 1, 3, 6, 3, 1, 2, 5, 3, 6, 9, 6, 10, 6, 3, 6, 9, 5, 2, 4, 8, 4, 8, 13, 9, 6, 3, 1, 3, 6, 3, 1, 3, 5, 2, 5, 3, 5, 3, 6, 3, 6, 3, 1, 2, 5, 3, 1, 2, 1, 2, 5, 8, 13, 8, 5, 3, 1, 2, 1, 2, 4, 2, 4, 7, 4, 8, 13, 18, 13, 19, 14, 9, 6, 10, 6, 3, 6, 10, 15, 21, 15, 10, 6, 10, 14, 10, 15, 10, 14, 19, 14, 19, 13, 19, 14, 9, 14, 9, 14, 20, 14, 19, 14, 10, 6, 3, 5, 9, 5, 3, 5, 9, 13, 19, 13, 8, 4, 7, 12, 8, 12, 8, 13, 19, 13, 9, 6, 10, 14, 9, 6, 9, 13, 19, 13, 18, 12, 8, 12, 17, 11, 17, 11, 16, 

Game 10 over!!!

Final Statistics: 
Average # of moves : 249.3
Average # of moves : 21
Average # of moves : 2493
Average # of moves : 8
Average # of moves : 29.1
Average # of moves : 51

Program has finished - Please see HW3RobbinsOutfile.txt for data.Program completed.
